╭------------------------------------------------------------+------------------+-------------------+--------------------+---------------------╮
| Contract                                                   | Runtime Size (B) | Initcode Size (B) | Runtime Margin (B) | Initcode Margin (B) |
+==============================================================================================================================================+
| Address.default                                            | 57               | 85                | 24,519             | 49,067              |
|------------------------------------------------------------+------------------+-------------------+--------------------+---------------------|
| Address.test                                               | 85               | 160               | 24,491             | 48,992              |
|------------------------------------------------------------+------------------+-------------------+--------------------+---------------------|
| ApprovalCountingToken                                      | 3,898            | 5,193             | 20,678             | 43,959              |
|------------------------------------------------------------+------------------+-------------------+--------------------+---------------------|
| BitMaps.default                                            | 57               | 85                | 24,519             | 49,067              |
|------------------------------------------------------------+------------------+-------------------+--------------------+---------------------|
| BitMaps.test                                               | 85               | 160               | 24,491             | 48,992              |
|------------------------------------------------------------+------------------+-------------------+--------------------+---------------------|
| Bytes.default                                              | 57               | 85                | 24,519             | 49,067              |
|------------------------------------------------------------+------------------+-------------------+--------------------+---------------------|
| Bytes.test                                                 | 85               | 160               | 24,491             | 48,992              |
|------------------------------------------------------------+------------------+-------------------+--------------------+---------------------|
| ECDSA.default                                              | 57               | 85                | 24,519             | 49,067              |
|------------------------------------------------------------+------------------+-------------------+--------------------+---------------------|
| ECDSA.test                                                 | 85               | 160               | 24,491             | 48,992              |
|------------------------------------------------------------+------------------+-------------------+--------------------+---------------------|
| ERC1967Proxy.default                                       | 130              | 652               | 24,446             | 48,500              |
|------------------------------------------------------------+------------------+-------------------+--------------------+---------------------|
| ERC1967Proxy.test                                          | 212              | 1,583             | 24,364             | 47,569              |
|------------------------------------------------------------+------------------+-------------------+--------------------+---------------------|
| ERC1967Utils.default                                       | 57               | 85                | 24,519             | 49,067              |
|------------------------------------------------------------+------------------+-------------------+--------------------+---------------------|
| ERC1967Utils.test                                          | 85               | 160               | 24,491             | 48,992              |
|------------------------------------------------------------+------------------+-------------------+--------------------+---------------------|
| Errors.default                                             | 57               | 85                | 24,519             | 49,067              |
|------------------------------------------------------------+------------------+-------------------+--------------------+---------------------|
| Errors.test                                                | 85               | 160               | 24,491             | 48,992              |
|------------------------------------------------------------+------------------+-------------------+--------------------+---------------------|
| Executor                                                   | 8,731            | 9,074             | 15,845             | 40,078              |
|------------------------------------------------------------+------------------+-------------------+--------------------+---------------------|
| Executor.test                                              | 16,085           | 16,795            | 8,491              | 32,357              |
|------------------------------------------------------------+------------------+-------------------+--------------------+---------------------|
| ForkAdapterFactory                                         | 593              | 621               | 23,983             | 48,531              |
|------------------------------------------------------------+------------------+-------------------+--------------------+---------------------|
| ForkMintingAdapter                                         | 1,897            | 2,189             | 22,679             | 46,963              |
|------------------------------------------------------------+------------------+-------------------+--------------------+---------------------|
| ForkMockAdapter                                            | 2,462            | 2,490             | 22,114             | 46,662              |
|------------------------------------------------------------+------------------+-------------------+--------------------+---------------------|
| ForkTestToken                                              | 3,734            | 5,025             | 20,842             | 44,127              |
|------------------------------------------------------------+------------------+-------------------+--------------------+---------------------|
| IntegrationAdapterFactory                                  | 593              | 621               | 23,983             | 48,531              |
|------------------------------------------------------------+------------------+-------------------+--------------------+---------------------|
| IntegrationERC20                                           | 3,734            | 5,025             | 20,842             | 44,127              |
|------------------------------------------------------------+------------------+-------------------+--------------------+---------------------|
| LiquidLaneAdapterMock                                      | 3,095            | 3,123             | 21,481             | 46,029              |
|------------------------------------------------------------+------------------+-------------------+--------------------+---------------------|
| LiquidLaneLifiExecutor                                     | 11,466           | 11,838            | 13,110             | 37,314              |
|------------------------------------------------------------+------------------+-------------------+--------------------+---------------------|
| LiquidLaneLifiExecutor.test                                | 20,669           | 21,460            | 3,907              | 27,692              |
|------------------------------------------------------------+------------------+-------------------+--------------------+---------------------|
| LiquidLaneUniswapXExecutor                                 | 8,176            | 8,505             | 16,400             | 40,647              |
|------------------------------------------------------------+------------------+-------------------+--------------------+---------------------|
| LiquidLaneUniswapXExecutor.test                            | 15,298           | 15,994            | 9,278              | 33,158              |
|------------------------------------------------------------+------------------+-------------------+--------------------+---------------------|
| LowLevelCall.default                                       | 57               | 85                | 24,519             | 49,067              |
|------------------------------------------------------------+------------------+-------------------+--------------------+---------------------|
| LowLevelCall.test                                          | 85               | 160               | 24,491             | 48,992              |
|------------------------------------------------------------+------------------+-------------------+--------------------+---------------------|
| Math.default                                               | 57               | 85                | 24,519             | 49,067              |
|------------------------------------------------------------+------------------+-------------------+--------------------+---------------------|
| Math.test                                                  | 85               | 160               | 24,491             | 48,992              |
|------------------------------------------------------------+------------------+-------------------+--------------------+---------------------|
| MessageHashUtils.default                                   | 57               | 85                | 24,519             | 49,067              |
|------------------------------------------------------------+------------------+-------------------+--------------------+---------------------|
| MessageHashUtils.test                                      | 85               | 160               | 24,491             | 48,992              |
|------------------------------------------------------------+------------------+-------------------+--------------------+---------------------|
| Mock1271AuthSigner                                         | 593              | 621               | 23,983             | 48,531              |
|------------------------------------------------------------+------------------+-------------------+--------------------+---------------------|
| MockAdapter (test/OevSymbioticSolver.t.sol)                | 2,462            | 2,794             | 22,114             | 46,358              |
|------------------------------------------------------------+------------------+-------------------+--------------------+---------------------|
| MockAdapter (test/Reactor.t.sol)                           | 3,821            | 3,849             | 20,755             | 45,303              |
|------------------------------------------------------------+------------------+-------------------+--------------------+---------------------|
| MockAdapterFactory                                         | 593              | 621               | 23,983             | 48,531              |
|------------------------------------------------------------+------------------+-------------------+--------------------+---------------------|
| MockApprovalERC20                                          | 3,892            | 5,187             | 20,684             | 43,965              |
|------------------------------------------------------------+------------------+-------------------+--------------------+---------------------|
| MockCallTarget                                             | 728              | 756               | 23,848             | 48,396              |
|------------------------------------------------------------+------------------+-------------------+--------------------+---------------------|
| MockERC20                                                  | 3,734            | 5,025             | 20,842             | 44,127              |
|------------------------------------------------------------+------------------+-------------------+--------------------+---------------------|
| MockInputSettler                                           | 8,359            | 8,387             | 16,217             | 40,765              |
|------------------------------------------------------------+------------------+-------------------+--------------------+---------------------|
| MockLifiAdapter                                            | 2,678            | 2,977             | 21,898             | 46,175              |
|------------------------------------------------------------+------------------+-------------------+--------------------+---------------------|
| MockLiquidLaneConnector                                    | 2,078            | 2,374             | 22,498             | 46,778              |
|------------------------------------------------------------+------------------+-------------------+--------------------+---------------------|
| MockMorpho                                                 | 6,885            | 7,387             | 17,691             | 41,765              |
|------------------------------------------------------------+------------------+-------------------+--------------------+---------------------|
| MockOracle                                                 | 297              | 455               | 24,279             | 48,697              |
|------------------------------------------------------------+------------------+-------------------+--------------------+---------------------|
| MockOutputRecipient                                        | 1,751            | 1,779             | 22,825             | 47,373              |
|------------------------------------------------------------+------------------+-------------------+--------------------+---------------------|
| MockOutputSettler                                          | 5,654            | 5,682             | 18,922             | 43,470              |
|------------------------------------------------------------+------------------+-------------------+--------------------+---------------------|
| MockRecipeAccount                                          | 6,166            | 9,012             | 18,410             | 40,140              |
|------------------------------------------------------------+------------------+-------------------+--------------------+---------------------|
| MockRecipeExecutor                                         | 4,636            | 14,080            | 19,940             | 35,072              |
|------------------------------------------------------------+------------------+-------------------+--------------------+---------------------|
| MockRecipeOutputExecutor                                   | 2,012            | 2,040             | 22,564             | 47,112              |
|------------------------------------------------------------+------------------+-------------------+--------------------+---------------------|
| MockUniswapXAdapter                                        | 3,409            | 3,698             | 21,167             | 45,454              |
|------------------------------------------------------------+------------------+-------------------+--------------------+---------------------|
| MockUniswapXReactor                                        | 5,832            | 5,860             | 18,744             | 43,292              |
|------------------------------------------------------------+------------------+-------------------+--------------------+---------------------|
| Panic.default                                              | 57               | 85                | 24,519             | 49,067              |
|------------------------------------------------------------+------------------+-------------------+--------------------+---------------------|
| Panic.test                                                 | 85               | 160               | 24,491             | 48,992              |
|------------------------------------------------------------+------------------+-------------------+--------------------+---------------------|
| ProxyAdmin.default                                         | 879              | 1,088             | 23,697             | 48,064              |
|------------------------------------------------------------+------------------+-------------------+--------------------+---------------------|
| ProxyAdmin.test                                            | 1,935            | 2,502             | 22,641             | 46,650              |
|------------------------------------------------------------+------------------+-------------------+--------------------+---------------------|
| Reactor                                                    | 11,465           | 12,621            | 13,111             | 36,531              |
|------------------------------------------------------------+------------------+-------------------+--------------------+---------------------|
| Reactor.test                                               | 13,583           | 15,684            | 10,993             | 33,468              |
|------------------------------------------------------------+------------------+-------------------+--------------------+---------------------|
| RecipeExecutorLib.test                                     | 85               | 160               | 24,491             | 48,992              |
|------------------------------------------------------------+------------------+-------------------+--------------------+---------------------|
| RecordingUniswapXReactor                                   | 768              | 796               | 23,808             | 48,356              |
|------------------------------------------------------------+------------------+-------------------+--------------------+---------------------|
| ReentrantNativeRecipient                                   | 4,172            | 4,456             | 20,404             | 44,696              |
|------------------------------------------------------------+------------------+-------------------+--------------------+---------------------|
| RefundingOutputRecipient                                   | 1,248            | 1,762             | 23,328             | 47,390              |
|------------------------------------------------------------+------------------+-------------------+--------------------+---------------------|
| RfqDeployConfig.test                                       | 85               | 160               | 24,491             | 48,992              |
|------------------------------------------------------------+------------------+-------------------+--------------------+---------------------|
| RfqDeployConfigHarness                                     | 571              | 599               | 24,005             | 48,553              |
|------------------------------------------------------------+------------------+-------------------+--------------------+---------------------|
| SafeCast.default                                           | 57               | 85                | 24,519             | 49,067              |
|------------------------------------------------------------+------------------+-------------------+--------------------+---------------------|
| SafeCast.test                                              | 85               | 160               | 24,491             | 48,992              |
|------------------------------------------------------------+------------------+-------------------+--------------------+---------------------|
| SafeERC20.default                                          | 57               | 85                | 24,519             | 49,067              |
|------------------------------------------------------------+------------------+-------------------+--------------------+---------------------|
| SafeERC20.test                                             | 85               | 160               | 24,491             | 48,992              |
|------------------------------------------------------------+------------------+-------------------+--------------------+---------------------|
| ShortStrings.default                                       | 57               | 85                | 24,519             | 49,067              |
|------------------------------------------------------------+------------------+-------------------+--------------------+---------------------|
| ShortStrings.test                                          | 85               | 160               | 24,491             | 48,992              |
|------------------------------------------------------------+------------------+-------------------+--------------------+---------------------|
| SignatureChecker.default                                   | 57               | 85                | 24,519             | 49,067              |
|------------------------------------------------------------+------------------+-------------------+--------------------+---------------------|
| SignatureChecker.test                                      | 85               | 160               | 24,491             | 48,992              |
|------------------------------------------------------------+------------------+-------------------+--------------------+---------------------|
| SignedMath.default                                         | 57               | 85                | 24,519             | 49,067              |
|------------------------------------------------------------+------------------+-------------------+--------------------+---------------------|
| SignedMath.test                                            | 85               | 160               | 24,491             | 48,992              |
|------------------------------------------------------------+------------------+-------------------+--------------------+---------------------|
| StorageSlot.default                                        | 57               | 85                | 24,519             | 49,067              |
|------------------------------------------------------------+------------------+-------------------+--------------------+---------------------|
| StorageSlot.test                                           | 85               | 160               | 24,491             | 48,992              |
|------------------------------------------------------------+------------------+-------------------+--------------------+---------------------|
| Strings.default                                            | 57               | 85                | 24,519             | 49,067              |
|------------------------------------------------------------+------------------+-------------------+--------------------+---------------------|
| Strings.test                                               | 85               | 160               | 24,491             | 48,992              |
|------------------------------------------------------------+------------------+-------------------+--------------------+---------------------|
| SymbioticOevSolver                                         | 6,332            | 6,842             | 18,244             | 42,310              |
|------------------------------------------------------------+------------------+-------------------+--------------------+---------------------|
| SymbioticOevSolver.test                                    | 12,582           | 13,769            | 11,994             | 35,383              |
|------------------------------------------------------------+------------------+-------------------+--------------------+---------------------|
| TestToken (test/OevSymbioticSolver.t.sol)                  | 3,734            | 5,025             | 20,842             | 44,127              |
|------------------------------------------------------------+------------------+-------------------+--------------------+---------------------|
| TestToken (test/lifi/LiquidLaneLifiExecutor.t.sol)         | 3,734            | 5,025             | 20,842             | 44,127              |
|------------------------------------------------------------+------------------+-------------------+--------------------+---------------------|
| TestToken (test/uniswapx/LiquidLaneUniswapXExecutor.t.sol) | 3,734            | 5,025             | 20,842             | 44,127              |
|------------------------------------------------------------+------------------+-------------------+--------------------+---------------------|
| TransientSlot.default                                      | 57               | 85                | 24,519             | 49,067              |
|------------------------------------------------------------+------------------+-------------------+--------------------+---------------------|
| TransientSlot.test                                         | 85               | 160               | 24,491             | 48,992              |
|------------------------------------------------------------+------------------+-------------------+--------------------+---------------------|
| TransparentUpgradeableProxy.default                        | 761              | 2,665             | 23,815             | 46,487              |
|------------------------------------------------------------+------------------+-------------------+--------------------+---------------------|
| TransparentUpgradeableProxy.test                           | 1,876            | 6,378             | 22,700             | 42,774              |
╰------------------------------------------------------------+------------------+-------------------+--------------------+---------------------╯
